-99 -99
-99 -99
-99 -99
-99 -99
-99 -99
-99 -99
-99 -99
-99 -99
-99 -99
-99 -99
-99 -99
-99 -99
-99 -99
-99 -99
-99 -99
-99 -99
-99 -99
-99 -99
-99 -99
-99 -99
-99 -99
-99 -99
-99 -99
-99 -99
-99 -99
-99 -99
-99 -99
-99 -99
-99 -99
-99 -99
-99 -99
-99 -99
-99 -99
-99 -99
-99 -99
-99 -99
-99 -99
-99 -99
-99 -99
-99 -99
-99 -99
-99 -99
-99 -99
-99 -99
-99 -99
-99 -99
-99 -99
-99 -99
-99 -99
-99 -99
-99 -99
-99 -99
-99 -99
-99 -99
-99 -99
-99 -99
-99 -99
-99 -99
-99 -99
-99 -99
-99 -99
-99 -99
-99 -99
-99 -99
-99 -99
-99 -99
-99 -99
-99 -99
-99 -99
-99 -99
-99 -99
3.6 7.6
-99 -99
3.4 7.6
3.2 7.6
-99 -99
5.2 3.8
5.2 3.6
4.6 3.8
5.2 7.6
4.6 3.8
4.8 3.8
4.8 3.8
5.0 3.6
5.0 4.0
4.4 4.4
4.8 3.8
5.2 4.0
4.8 3.8
5.0 3.6
5.2 4.0
5.0 3.8
5.2 4.0
5.0 4.0
3.0 7.2
5.4 7.4
6.0 7.4
4.6 7.6
5.2 7.4
5.2 7.2
4.6 6.4
4.8 6.6
4.6 6.2
4.8 6.2
4.6 6.4
3.4 7.2
4.6 6.4
3.4 5.4
2.6 4.8
5.4 5.2
5.2 4.8
5.6 5.0
5.2 4.6
2.8 5.2
3.4 4.0
2.6 5.2
3.0 3.4
2.4 2.6
4.6 4.8
3.4 4.6
4.2 4.6
4.2 4.8
3.6 4.0
2.8 6.8
2.6 6.8
2.8 5.6
3.0 5.6
3.0 5.0
3.0 5.4
2.8 5.4
2.6 6.2
2.6 6.8
2.4 7.0
2.6 6.6
3.8 5.0
3.8 4.8
4.0 4.6
4.0 4.4
4.2 4.6
4.8 4.2
5.2 5.4
5.8 5.6
5.0 5.4
5.4 5.2
5.2 4.6
5.0 3.6
4.8 4.0
4.6 3.8
4.6 3.6
4.6 3.8
4.8 3.8
4.6 3.8
4.6 3.8
4.0 2.8
3.4 2.8
2.8 5.2
-99 -99
-99 -99
-99 -99
-99 -99
3.8 2.2
3.8 2.4
3.8 2.6
2.4 3.0
1.8 3.2
1.8 3.2
2.2 3.0
3.2 2.8
3.4 3.8
1.2 3.8
-99 -99
-99 -99
-99 -99
2.0 5.0
2.8 3.0
2.6 3.0
2.6 3.2
2.8 3.2
2.8 3.0
1.8 0.8
1.6 1.0
1.8 1.2
2.0 0.6
3.2 2.0
3.2 1.6
-99 -99
-99 -99
1.0 4.2
1.0 3.6
-99 -99
0.4 2.0
-99 -99
0.4 1.8
2.4 3.0
3.0 2.6
3.0 2.6
2.4 2.6
4.0 2.2
2.0 3.0
2.2 1.8
1.6 2.4
2.2 2.0
2.0 2.2
2.6 2.0
0.4 2.0
2.0 3.0
2.8 1.2
3.0 1.0
-99 -99
2.2 3.0
-99 -99
2.4 0.4
1.2 4.2
-99 -99
3.8 4.4
1.6 0.8
1.8 2.0
5.4 2.6
1.2 4.4
1.2 4.6
1.0 4.8
-99 -99
-99 -99
2.2 0.6
2.8 2.6
-99 -99
-99 -99
3.6 2.4
-99 -99
0.4 1.8
-99 -99
-99 -99
2.2 2.4
2.6 1.8
1.0 2.8
3.2 2.0
2.6 2.2
2.6 2.0
3.0 2.8
3.0 3.2
3.4 4.0
1.6 2.6
1.2 2.6
0.6 2.0
-99 -99
-99 -99
1.2 3.8
-99 -99
1.4 4.4
2.2 4.8
2.8 2.8
2.8 3.6
3.0 4.0
2.0 2.0
2.4 1.8
1.8 0.6
2.0 1.0
2.8 2.6
2.6 1.6
2.8 0.4
2.6 2.8
2.2 3.0
-99 -99
-99 -99
1.8 5.6
-99 -99
3.4 1.4
3.6 1.6
3.0 1.2
2.8 3.0
2.6 3.2
-99 -99
3.0 2.6
3.0 2.4
2.2 3.0
2.4 3.0
2.8 2.6
2.8 0.2
1.8 0.8
2.0 1.0
1.8 1.0
1.8 1.0
2.6 3.0
2.0 1.0
2.8 3.2
2.8 3.0
1.8 1.4
-99 -99
1.2 4.2
-99 -99
1.2 3.8
2.4 2.8
2.6 2.8
2.4 2.6
2.0 2.6
1.2 3.0
3.8 2.0
3.8 2.0
3.8 2.2
2.8 2.8
3.2 2.4
-99 -99
-99 -99
-99 -99
3.8 3.4
3.0 5.6
4.6 3.8
4.6 3.6
4.6 3.4
4.8 3.8
3.6 4.0
4.0 4.0
6.8 4.4
7.0 3.6
6.4 3.8
6.8 3.8
6.6 4.0
6.4 4.2
6.8 4.0
6.4 3.8
6.6 4.0
6.4 4.6
6.6 4.4
6.6 3.4
6.2 3.0
6.4 3.0
6.6 2.2
7.8 2.2
5.8 2.8
7.2 2.8
7.6 3.0
7.8 3.0
7.8 3.2
6.0 2.6
5.8 2.6
7.8 3.4
8.0 2.4
8.0 2.4
8.0 2.4
5.4 4.2
6.4 1.4
6.4 1.4
6.6 1.2
6.6 1.2
6.4 1.0
6.2 0.8
6.4 0.6
6.6 0.8
7.0 1.0
6.6 0.4
-99 -99
-99 -99
5.2 0.2
6.6 0.6
6.8 0.6
6.0 0.4
6.4 0.4
6.4 0.4
-99 -99
-99 -99
-99 -99
-99 -99
7.0 1.0
6.8 1.0
6.6 1.2
6.4 1.0
5.4 1.0
6.0 0.8
6.0 1.0
6.2 1.0
6.4 1.4
6.6 1.4
6.6 1.4
7.0 1.4
8.0 2.8
4.8 3.4
5.4 2.4
7.4 3.4
7.8 3.0
7.6 3.0
7.8 3.0
7.8 3.0
6.8 6.6
5.0 2.8
4.6 4.2
5.4 3.8
6.4 2.8
6.4 2.8
6.4 3.0
6.6 4.4
6.6 3.6
6.8 3.8
6.6 3.6
6.2 3.8
6.6 4.0
6.8 5.0
6.0 4.6
6.2 4.4
5.4 4.0
6.2 5.0
7.2 3.2
6.2 4.2
6.8 5.0
7.2 4.8
7.8 2.4
6.4 4.8
5.4 5.2
6.4 5.0
7.0 4.2
7.2 4.2
7.0 3.4
7.6 3.4
7.8 2.6
7.4 3.4
7.4 3.4
7.0 3.2
7.2 3.0
7.8 2.8
7.4 3.0
7.2 3.2
-99 -99
7.4 3.0
7.6 2.4
7.6 2.2
6.4 4.2
-99 -99
-99 -99
7.6 2.2
7.2 2.4
6.0 4.2
7.2 2.2
6.4 3.8
7.4 2.2
7.2 4.2
7.4 2.6
7.8 2.2
7.6 2.2
7.0 1.2
6.6 1.0
6.0 0.6
3.6 2.2
8.0 2.4
6.4 0.8
8.0 2.0
6.2 0.6
6.6 0.8
6.8 0.8
6.6 1.0
6.2 0.8
8.0 1.8
6.8 1.0
6.6 1.4
6.4 0.8
6.0 0.6
7.8 1.8
7.8 1.6
7.2 1.2
7.2 1.2
7.8 2.4
7.2 1.6
7.2 2.4
5.8 4.2
6.0 4.0
5.8 4.0
7.4 1.8
6.0 4.0
7.2 2.0
7.0 2.6
7.0 3.0
7.0 2.6
7.4 3.0
7.0 3.0
6.8 3.0
7.2 3.2
7.4 3.4
7.2 3.2
7.2 3.4
7.8 3.0
7.8 2.8
7.6 2.8
7.4 3.4
7.0 4.0
7.2 4.2
6.8 4.8
6.6 4.8
7.6 5.4
6.0 4.0
7.0 3.6
6.4 3.6
7.8 2.4
6.2 3.8
6.0 4.0
6.0 4.0
6.0 4.0
6.6 4.2
6.0 4.2
6.4 4.2
6.6 4.0
6.6 3.6
6.6 3.8
6.2 3.4
6.2 3.8
2.8 5.6
2.8 5.6
2.4 5.8
4.6 3.8
4.6 3.4
4.8 3.8
4.6 3.8
4.6 3.8
4.6 3.8
4.8 3.6
4.8 3.8
4.8 3.6
4.6 3.6
4.8 3.8
4.8 3.2
5.0 4.2
4.8 3.6
4.6 4.2
4.6 4.0
5.0 4.4
3.8 4.8
3.6 4.0
4.8 4.4
5.0 5.2
5.4 4.6
5.2 4.4
5.4 5.0
2.6 7.4
2.6 4.6
5.4 5.2
4.6 6.2
4.6 6.2
4.6 6.4
4.6 6.4
5.2 7.2
4.8 4.0
4.8 3.6
5.2 4.0
5.8 7.0
4.8 5.2
5.8 6.0
5.0 6.2
5.8 6.8
6.0 7.2
5.8 7.0
6.0 7.0
4.6 6.4
4.8 6.2
6.6 6.8
6.0 5.6
4.6 6.4
3.6 7.0
7.2 5.0
4.6 6.6
3.0 7.4
3.0 7.2
7.6 5.6
7.6 5.8
7.2 5.2
5.8 7.4
3.0 7.2
4.6 6.6
5.6 7.4
5.0 6.8
6.2 5.6
5.2 6.4
6.2 7.2
4.6 6.2
6.0 7.0
6.0 7.0
5.8 6.8
5.8 7.2
6.0 7.0
5.8 7.2
5.0 6.8
5.2 4.4
5.0 3.8
4.8 6.6
4.8 3.6
5.2 4.6
4.6 6.4
4.6 6.4
4.6 6.4
4.6 6.4
4.4 6.6
5.0 3.6
5.2 7.2
4.8 6.4
4.8 6.4
5.2 4.4
2.6 7.4
5.4 3.8
4.8 3.8
5.2 5.0
5.0 4.0
4.6 3.8
5.0 4.2
5.2 4.0
-99 -99
5.0 4.6
5.0 4.0
5.2 7.4
4.8 4.0
5.4 7.2
4.8 4.0
4.6 7.6
5.2 3.8
5.0 3.8
5.0 3.6
-99 -99
5.4 4.2
3.0 7.6
4.0 7.6
3.6 7.8
-99 -99
-99 -99
-99 -99
-99 -99
-99 -99
-99 -99
-99 -99
-99 -99
-99 -99
-99 -99
-99 -99
-99 -99
-99 -99
-99 -99
-99 -99
-99 -99
-99 -99
-99 -99
-99 -99
-99 -99
-99 -99
-99 -99
-99 -99
-99 -99
-99 -99
-99 -99
